排名,代號,名稱,成交,漲跌 價,漲跌 幅,成交 張數,更新 日期,當日 增減 張數,2日 增減 張數,3日 增減 張數,5日 增減 張數,10日 增減 張數,1個月 增減 張數,3個月 增減 張數,半年 增減 張數,1年 增減 張數,今年 增減 張數
1,6949,沛爾生醫*-創,60.4,-6.7,-9.99,18561,09/08,3904,3143,103900,103900,103878.0,103914.0,103901.0,105034.0,107725.0,105782.0
2,00673R,期元大S&P原油反1,11.0,-0.11,-0.99,46227,09/08,-10399,-7568,14592,28757,30873.0,54769.0,16818.0,76214.0,88386.0,102772.0
3,00981A,主動統一台股增長,29.73,-0.39,-1.29,141879,09/08,7742,5662,11870,26409,4984.0,-11936.0,30184.0,119419.0,152492.0,85382.0
4,009828,中信台日韓PCB,9.63,-0.09,-0.93,71854,09/08,2514,1637,7154,19730,,,,,,
5,3718,中光電投控,66.1,-4.8,-6.77,7348,09/08,-470,-263,-48,15941,,,,,,
6,3481,群創,48.8,-1.15,-2.3,188144,09/08,5533,7134,7361,9524,21007.0,-3311.0,-61390.0,-28715.0,162718.0,118013.0
7,00918,大華優利高填息30,35.44,-0.34,-0.95,103022,09/08,552,2690,2759,8830,11051.0,11700.0,2209.0,11419.0,9644.0,11030.0
8,2892,第一金,37.85,0.55,1.47,28543,09/08,80,8217,8214,8025,7323.0,7843.0,-3727.0,1127.0,6531.0,445.0
9,3231,緯創,186.5,-10.5,-5.33,123234,09/08,5035,6188,5442,6780,12305.0,12483.0,10502.0,-7772.0,5475.0,518.0
10,6147,頎邦,186.5,-4.5,-2.36,49847,09/08,1119,1761,5073,6078,11225.0,9244.0,-10298.0,38268.0,37252.0,37874.0
11,00409A,主動復華全球50,9.9,-0.01,-0.1,21887,09/08,-134,397,1138,5992,,,,,,
12,00685L,群益臺灣加權正2,12.35,-0.17,-1.36,159664,09/08,4352,-1418,-3729,4944,-18563.0,-40633.0,147248.0,148496.0,148864.0,148901.0
13,3105,穩懋,441.5,-9.0,-2.0,17327,09/08,-34,454,2168,4115,4530.0,3297.0,1066.0,8407.0,40304.0,24630.0
14,8064,東捷,134.5,12.0,9.8,7726,09/08,1322,2302,3398,4027,4032.0,3726.0,1359.0,4265.0,3187.0,2574.0
15,00676R,富邦臺灣加權反1,5.37,0.02,0.37,2355,09/08,188,3866,4038,4003,4922.0,8070.0,4482.0,11492.0,4542.0,13566.0
16,00919,群益台灣精選高息,32.71,-0.2,-0.61,107471,09/08,911,1972,2839,3850,5395.0,5874.0,-2305.0,3944.0,-6990.0,6723.0
17,6620,漢達,124.0,11.0,9.73,5936,09/08,1716,2197,3352,3843,4394.0,4535.0,,,,
18,00406A,主動中信台灣收益,9.61,-0.08,-0.83,123875,09/08,-735,-2781,-2240,3269,16063.0,26565.0,43707.0,,,
19,8431,匯鑽科,63.3,-4.0,-5.94,3596,09/08,-315,-167,705,2874,3342.0,3285.0,2510.0,1756.0,1733.0,-1381.0
20,2464,盟立,194.5,-8.5,-4.19,16615,09/08,301,853,3418,2561,2843.0,171.0,7059.0,10486.0,9379.0,10432.0
21,1312,國喬,13.9,-0.2,-1.42,13294,09/08,-377,914,1177,2464,3131.0,4065.0,26994.0,24728.0,25437.0,27927.0
22,2801,彰銀,27.25,0.75,2.83,35458,09/08,1348,1324,12,2367,1849.0,1704.0,-4977.0,-1735.0,3566.0,2606.0
23,6116,彩晶,14.3,0.1,0.7,24707,09/08,456,979,1153,2367,1321.0,2726.0,306.0,2186.0,7662.0,10720.0
24,00984D,主動聯博全球非投,9.82,-0.06,-0.61,20122,09/08,525,1626,1726,2230,4404.0,-42.0,14811.0,19361.0,,
25,3036,文曄,189.5,-3.0,-1.56,5644,09/08,55,228,597,2053,2465.0,-1007.0,7604.0,11639.0,12042.0,11548.0
26,3605,宏致,124.0,3.5,2.9,16953,09/08,2044,3253,2505,2036,5199.0,6453.0,13200.0,11787.0,7615.0,12392.0
27,00929,復華台灣科技優息,28.89,-0.49,-1.67,76772,09/08,852,1302,1508,2018,627.0,2763.0,5399.0,6513.0,2060.0,4216.0
28,8105,凌巨,15.1,-0.1,-0.66,1837,09/08,38,135,471,1876,4583.0,3062.0,836.0,5261.0,720.0,1285.0
29,00961,FT臺灣永續高息,13.44,-0.11,-0.81,41838,09/08,110,731,1262,1870,427.0,4520.0,6275.0,7179.0,4723.0,7354.0
30,00664R,國泰臺灣加權反1,1.58,0.01,0.64,17726,09/08,341,117,851,1845,909.0,7235.0,-31657.0,-29946.0,-55111.0,-25755.0
31,4927,泰鼎-KY,43.05,0.05,0.12,7483,09/08,554,982,968,1845,3186.0,3124.0,-9476.0,-3097.0,7494.0,-6575.0
32,00953B,群益優選非投等債,9.51,-0.03,-0.31,38855,09/08,266,4108,3613,1823,-6045.0,3793.0,28988.0,14330.0,75845.0,51997.0
33,6182,合晶,109.0,-2.5,-2.24,58583,09/08,683,583,817,1741,1342.0,10793.0,19343.0,53154.0,58167.0,54314.0
34,009829,大華韓國KOSPI50,11.18,0.21,1.91,39087,09/08,585,-85,36,1619,2603.0,,,,,
35,2317,鴻海,251.5,-4.5,-1.76,40241,09/08,958,475,543,1614,969.0,4135.0,7788.0,-6924.0,3576.0,-6355.0
36,8996,高力,1225.0,-15.0,-1.21,4528,09/08,308,1088,1338,1598,2089.0,3232.0,3161.0,3664.0,2428.0,1360.0
37,2356,英業達,64.0,-2.1,-3.18,36614,09/08,1127,2315,1352,1563,2037.0,1236.0,-4012.0,1436.0,3175.0,3519.0
38,2884,玉山金,45.55,2.0,4.59,66913,09/08,1170,725,-990,1559,1937.0,1681.0,-1223.0,4221.0,4754.0,-1483.0
39,2812,台中銀,19.4,0.15,0.78,10612,09/08,55,141,140,1547,1368.0,1428.0,-2771.0,-182.0,-1125.0,654.0
40,6207,雷科,116.5,4.0,3.56,18541,09/08,760,846,1013,1515,2034.0,1745.0,-2050.0,2286.0,791.0,2206.0
41,00680L,元大美債20正2,6.39,0.02,0.31,6319,09/08,-193,291,286,1496,1310.0,-1982.0,-6133.0,-48387.0,-236401.0,-166132.0
42,3019,亞光,138.5,-3.5,-2.46,3749,09/08,138,489,706,1480,2280.0,1819.0,-1431.0,-800.0,-6427.0,-567.0
43,2351,順德,227.5,-6.0,-2.57,6840,09/08,-204,367,1361,1463,1773.0,4366.0,-12754.0,10559.0,6643.0,9265.0
44,1101,台泥,24.3,0.0,0.0,16730,09/08,373,552,910,1448,-1381.0,6143.0,4315.0,5752.0,9322.0,3040.0
45,00885,富邦越南,18.47,-0.26,-1.39,1084,09/08,-102,-75,1566,1422,1475.0,1498.0,1370.0,-628.0,-1113.0,-2443.0
46,6669,緯穎,2340.0,-150.0,-6.02,5081,09/08,267,527,630,1407,1544.0,1459.0,792.0,620.0,773.0,975.0
47,00922,國泰台灣領袖50,42.56,-0.29,-0.68,5488,09/08,835,1275,1219,1404,567.0,1016.0,1192.0,-2130.0,1847.0,1586.0
48,3189,景碩,800.0,-13.0,-1.6,11072,09/08,-20,622,1015,1348,3549.0,-720.0,-512.0,5420.0,13646.0,3158.0
49,00637L,元大滬深300正2,19.77,-0.17,-0.85,10868,09/08,988,1873,525,1326,770.0,5078.0,13673.0,-31139.0,-67678.0,-20597.0
50,6179,亞通,33.1,3.0,9.97,12260,09/08,985,1159,1097,1319,3296.0,2201.0,2692.0,7741.0,5402.0,8375.0
51,6257,矽格,209.0,-4.0,-1.88,7134,09/08,345,238,656,1312,1671.0,2805.0,2994.0,3872.0,8069.0,-474.0
52,3374,精材,475.0,5.5,1.17,3580,09/08,307,1031,1497,1258,419.0,2309.0,16020.0,18675.0,20551.0,22269.0
53,6290,良維,264.5,-5.0,-1.86,2260,09/08,227,473,859,1251,875.0,1744.0,-3453.0,-7845.0,1704.0,-1904.0
54,009816,凱基台灣TOP50,16.12,-0.05,-0.31,97207,09/08,219,1399,1114,1227,393.0,-8621.0,-11154.0,-35318.0,,
55,3714,富采,64.9,-2.3,-3.42,11428,09/08,158,541,517,1180,2346.0,1919.0,-11419.0,10998.0,12698.0,11492.0
56,00404A,主動聯博動能50,9.99,-0.04,-0.4,34321,09/08,654,905,796,1153,852.0,29.0,1541.0,,,
57,3229,晟鈦,55.2,4.6,9.09,2773,09/08,637,633,1135,1129,1782.0,2417.0,2417.0,2417.0,2417.0,2417.0
58,6451,訊芯-KY,435.0,-13.5,-3.01,2690,09/08,-89,-259,-440,1127,1788.0,1659.0,-290.0,5078.0,5584.0,5272.0
59,00992A,主動群益科技創新,18.05,-0.36,-1.96,35004,09/08,-922,-203,-82,1113,713.0,-4493.0,-11678.0,13435.0,,12420.0
60,00712,復華富時不動產,8.67,-0.02,-0.23,34527,09/08,124,632,-129,1111,2784.0,2183.0,346.0,1846.0,-200.0,2864.0
61,00933B,國泰10Y+金融債,15.4,-0.04,-0.26,9239,09/08,5,1061,1061,1063,1048.0,1127.0,572.0,352.0,-1004.0,-473.0
62,2498,宏達電,40.2,-0.8,-1.95,3851,09/08,207,276,427,1044,924.0,587.0,-1569.0,-1858.0,-10055.0,-7030.0
63,2382,廣達,328.0,-19.5,-5.61,35436,09/08,679,837,1077,1037,302.0,-1119.0,3440.0,2722.0,-5987.0,-2179.0
64,8932,智通*,92.4,-1.8,-1.91,2009,09/08,472,569,555,1028,1445.0,-4593.0,480.0,16911.0,41232.0,40177.0
65,3624,光頡,96.6,-0.3,-0.31,18671,09/08,713,2003,1105,1026,2334.0,5918.0,-2398.0,3517.0,6989.0,3097.0
66,8042,金山電,113.0,-8.5,-7.0,10903,09/08,389,754,651,1019,2003.0,2794.0,3679.0,3269.0,5732.0,2948.0
67,4526,東台,32.15,-0.2,-0.62,7126,09/08,213,334,306,996,1090.0,897.0,-1626.0,-1498.0,-8158.0,-2305.0
68,3715,定穎投控,126.5,7.0,5.86,12850,09/08,127,299,466,957,3173.0,4270.0,-2967.0,-14523.0,-6679.0,-13641.0
69,3380,明泰,29.9,0.05,0.17,3061,09/08,549,785,673,954,1104.0,1187.0,1004.0,553.0,2071.0,1017.0
70,8099,大世科,58.1,0.0,0.0,29,09/08,3,388,296,953,642.0,356.0,814.0,2752.0,3068.0,3832.0
71,1597,直得,143.0,-9.0,-5.92,2378,09/08,-176,-124,407,948,1659.0,958.0,-1135.0,947.0,486.0,858.0
72,00708L,期元大S&P黃金正2,81.65,0.4,0.49,3246,09/08,33,56,-56,937,6298.0,10320.0,12356.0,11985.0,9610.0,14349.0
73,6224,聚鼎,84.6,-4.2,-4.73,2150,09/08,39,412,332,914,1054.0,1859.0,219.0,2874.0,2811.0,2795.0
74,2889,國票金,16.6,0.15,0.91,12641,09/08,98,243,-179,903,1169.0,1097.0,1938.0,3160.0,1270.0,2843.0
75,3055,蔚華科,146.0,11.5,8.55,8162,09/08,355,712,819,888,1823.0,2750.0,622.0,2771.0,1979.0,1925.0
76,00998A,主動復華金融股息,18.09,-0.04,-0.22,4680,09/08,16,38,26,876,1042.0,1404.0,1972.0,,,
77,3324,雙鴻,1340.0,-100.0,-6.94,2306,09/08,-63,105,735,873,1654.0,928.0,1340.0,125.0,59.0,1492.0
78,00830,國泰費城半導體,83.7,0.4,0.48,5665,09/08,372,332,459,853,2251.0,3245.0,5195.0,3816.0,6673.0,7060.0
79,2887,台新新光金,42.8,1.7,4.14,67844,09/08,214,583,946,849,1130.0,1821.0,-7547.0,-9146.0,-69880.0,-41384.0
80,4716,大立,17.0,-0.15,-0.87,469,09/08,107,400,455,844,-903.0,-3024.0,619.0,2322.0,6553.0,1465.0
81,2436,偉詮電,67.1,-4.6,-6.42,18280,09/08,-884,666,828,839,915.0,1235.0,249.0,2519.0,1568.0,3213.0
82,4551,智伸科,163.0,-4.5,-2.69,976,09/08,195,481,698,825,1290.0,1782.0,2423.0,2109.0,1163.0,1821.0
83,2353,宏碁,31.05,-1.25,-3.87,23192,09/08,611,1472,518,818,28.0,-2383.0,-529.0,8939.0,8504.0,9781.0
84,4979,華星光,605.0,15.0,2.54,12827,09/08,-586,650,1482,813,1360.0,-132.0,1017.0,1587.0,-7248.0,-3744.0
85,2388,威盛,76.1,-1.6,-2.06,8502,09/08,584,618,958,812,991.0,1413.0,-3173.0,-3708.0,-1645.0,-3121.0
86,8021,尖點,450.0,-12.0,-2.6,15127,09/08,-722,437,533,809,3677.0,2922.0,1891.0,4209.0,-3852.0,-907.0
87,6672,騰輝電子-KY,294.0,-5.5,-1.84,7324,09/08,328,998,807,806,773.0,925.0,820.0,3199.0,2229.0,3034.0
88,1301,台塑,65.1,-1.5,-2.25,28241,09/08,-784,167,643,790,-2360.0,-4256.0,298.0,-2147.0,-12324.0,-7444.0
89,2324,仁寶,39.05,-1.0,-2.5,70155,09/08,249,4025,945,758,-727.0,4020.0,-10410.0,23434.0,41008.0,22080.0
90,2481,強茂,152.5,-5.5,-3.48,26855,09/08,-142,556,1963,758,8.0,3708.0,2855.0,2068.0,2082.0,-3564.0
91,2201,裕隆,30.45,-0.35,-1.14,5930,09/08,92,219,357,756,701.0,1072.0,311.0,-578.0,3222.0,1234.0
92,3094,聯傑,41.25,-3.55,-7.92,10973,09/08,-1093,-1899,470,718,1050.0,1071.0,1377.0,2088.0,2211.0,2502.0
93,2327,國巨*,567.0,-22.0,-3.74,39419,09/08,-6210,-643,542,717,5209.0,8098.0,-15270.0,6978.0,13778.0,-1108.0
94,2412,中華電,139.0,1.0,0.72,11188,09/08,167,1117,1067,675,948.0,123.0,2290.0,1704.0,1943.0,1863.0
95,009827,玉山未來全球算力,10.15,-0.04,-0.39,7200,09/08,23,-22,-9,665,,,,,,
96,6168,宏齊,28.55,-0.85,-2.89,5199,09/08,65,390,511,655,421.0,944.0,114.0,3034.0,1407.0,2971.0
97,4763,材料*-KY,49.15,-1.45,-2.87,5671,09/08,125,122,-7,652,25.0,-1311.0,-5523.0,-4861.0,-5350.0,-3680.0
98,6239,力成,275.5,-4.5,-1.61,14542,09/08,37,396,812,647,704.0,-950.0,-2551.0,17049.0,19960.0,14954.0
99,00962,台新AI優息動能,15.19,-0.41,-2.63,12387,09/08,311,581,588,632,627.0,773.0,627.0,675.0,700.0,572.0
100,00650L,復華香港正2,16.86,-0.16,-0.94,2322,09/08,45,297,634,631,603.0,394.0,-6458.0,-4644.0,-19086.0,-10010.0
101,4908,前鼎,227.5,4.5,2.02,1919,09/08,190,86,225,631,4283.0,4095.0,2947.0,3206.0,2565.0,3260.0
102,2369,菱生,30.2,-0.75,-2.42,4146,09/08,464,527,457,624,680.0,1098.0,1450.0,1563.0,7598.0,4968.0
103,5321,美而快,78.4,0.9,1.16,327,09/08,18,60,128,616,1879.0,2938.0,3032.0,3203.0,2878.0,3208.0
104,2254,巨鎧精密-創,63.1,0.7,1.12,1202,09/08,264,380,385,603,1194.0,1211.0,1249.0,669.0,-1223.0,-1331.0
105,6548,長科*,70.6,-3.0,-4.08,3110,09/08,122,459,550,599,636.0,634.0,-2029.0,-1441.0,1347.0,-1214.0
106,2606,裕民,77.8,-0.8,-1.02,2421,09/08,-76,20,315,583,-2379.0,1578.0,1703.0,-1936.0,-2011.0,-4489.0
107,2363,矽統,51.8,-0.7,-1.33,15793,09/08,327,379,365,577,1059.0,1795.0,-3809.0,-1333.0,-5957.0,-4225.0
108,4958,臻鼎-KY,505.0,4.0,0.8,33443,09/08,-238,-1982,88,575,1970.0,5141.0,7346.0,18763.0,17773.0,23250.0
109,2515,中工,11.9,0.0,0.0,1720,09/08,175,559,442,572,556.0,-40.0,1627.0,-5397.0,6906.0,-3853.0
110,3702,大聯大,104.5,-0.5,-0.48,3766,09/08,19,1116,1020,554,1485.0,3585.0,5572.0,7281.0,8295.0,4739.0
111,00411A,主動統一前沿科技,9.76,-0.05,-0.51,16834,09/08,17,-419,-169,553,5175.0,,,,,
112,2399,映泰,45.65,-1.15,-2.46,3465,09/08,-86,128,326,547,-197.0,894.0,2044.0,3493.0,4685.0,2052.0
113,2308,台達電,1805.0,-45.0,-2.43,6332,09/08,137,48,-136,541,801.0,775.0,3773.0,3369.0,6083.0,752.0
114,7788,松川精密,291.5,-25.0,-7.9,3837,09/08,-79,-186,480,540,1233.0,1138.0,1020.0,,,
115,00981D,主動中信非投等債,10.23,-0.03,-0.29,4295,09/08,27,27,37,537,644.0,1357.0,-584.0,-13508.0,,-1941.0
116,00738U,期元大道瓊白銀,52.8,0.4,0.76,1758,09/08,-101,-239,536,533,711.0,992.0,1201.0,1124.0,7841.0,-2106.0
117,2454,聯發科,4710.0,-50.0,-1.05,6512,09/08,-224,-200,-216,532,966.0,216.0,-1672.0,4590.0,5744.0,2873.0
118,2027,大成鋼,49.35,0.25,0.51,12193,09/08,-319,539,475,522,-831.0,-2036.0,-9579.0,-5658.0,-7364.0,-9588.0
119,2312,金寶,31.3,-1.0,-3.1,9391,09/08,352,869,610,513,-457.0,-1700.0,-4388.0,4195.0,3214.0,-6099.0
120,3264,欣銓,225.0,-2.0,-0.88,6445,09/08,512,513,629,504,179.0,-1222.0,-1954.0,-3724.0,-3417.0,-10292.0
121,00937B,群益ESG投等債20+,14.19,-0.04,-0.28,43760,09/08,-29,146,518,498,142.0,3489.0,14245.0,12954.0,2727.0,3373.0
122,6197,佳必琪,300.5,-7.5,-2.44,1049,09/08,3,130,162,498,393.0,703.0,264.0,1706.0,746.0,2413.0
123,6456,GIS-KY,66.8,-2.0,-2.91,2827,09/08,-21,259,264,492,641.0,5620.0,3183.0,6127.0,11660.0,12407.0
124,6218,豪勉,46.7,2.15,4.83,7430,09/08,390,616,609,478,470.0,210.0,-5.0,1129.0,912.0,763.0
125,6209,今國光,77.5,-1.6,-2.02,7464,09/08,242,462,519,474,1191.0,1755.0,-2405.0,1911.0,7033.0,-2186.0
126,2908,特力,22.25,0.0,0.0,246,09/08,87,133,221,463,1081.0,1644.0,2405.0,3839.0,5007.0,5565.0
127,5285,界霖,85.9,-1.8,-2.05,770,09/08,39,63,42,458,464.0,488.0,923.0,1799.0,4261.0,2750.0
128,2486,一詮,245.5,-9.0,-3.54,6411,09/08,-124,-60,170,455,1428.0,1926.0,2744.0,3811.0,536.0,936.0
129,3665,貿聯-KY,1935.0,-135.0,-6.52,3246,09/08,-67,35,25,452,466.0,1404.0,400.0,664.0,724.0,-214.0
130,5284,jpp-KY,309.5,-9.0,-2.83,367,09/08,25,85,221,450,468.0,527.0,-530.0,28.0,226.0,-491.0
131,8210,勤誠,907.0,-30.0,-3.2,2470,09/08,81,340,255,447,695.0,1491.0,2057.0,1443.0,1820.0,2279.0
132,5351,鈺創,117.0,-1.5,-1.27,30211,09/08,38,-171,51,442,1799.0,479.0,-3136.0,-1275.0,2963.0,-950.0
133,2449,京元電子,268.5,-4.5,-1.65,16086,09/08,-293,-1412,-600,434,3280.0,4063.0,-1260.0,13312.0,-4935.0,7164.0
134,2413,環科,45.95,-2.4,-4.96,4635,09/08,113,365,415,424,416.0,341.0,-655.0,-528.0,1940.0,-1262.0
135,00405A,主動富邦台灣龍耀,8.71,-0.12,-1.36,45688,09/08,993,1053,603,422,-3019.0,-12488.0,8617.0,,,
136,2527,宏璟,43.35,-0.05,-0.12,268,09/08,31,81,208,422,981.0,146.0,2375.0,3701.0,5039.0,4811.0
137,2465,麗臺,96.9,-5.6,-5.46,6743,09/08,-62,-102,-261,419,275.0,1552.0,2476.0,5043.0,4476.0,4860.0
138,8354,冠好,17.3,-0.15,-0.86,43,09/08,37,63,85,405,516.0,1483.0,2367.0,-1078.0,2802.0,-573.0
139,8112,至上,89.5,-0.9,-1.0,5469,09/08,19,156,139,400,826.0,-78.0,-1611.0,282.0,11064.0,-2179.0
140,7711,永擎,594.0,-66.0,-10.0,2433,09/08,-97,101,258,385,529.0,1533.0,1756.0,,,
141,4576,大銀微系統,235.5,-11.5,-4.66,4226,09/08,-68,-223,-179,382,837.0,352.0,239.0,-52.0,-719.0,-201.0
142,1904,正隆,24.45,0.0,0.0,1461,09/08,-19,118,293,381,-51.0,533.0,879.0,2977.0,3725.0,3645.0
143,2345,智邦,1955.0,-145.0,-6.9,6441,09/08,389,396,392,373,848.0,1040.0,1180.0,885.0,622.0,-614.0
144,2313,華通,231.0,-9.0,-3.75,40023,09/08,666,3620,3781,371,6724.0,7627.0,-6499.0,4203.0,11361.0,815.0
145,6706,惠特,123.0,-0.5,-0.4,769,09/08,-42,41,146,365,206.0,574.0,-2261.0,-794.0,1274.0,-6424.0
146,3441,聯一光,132.0,1.0,0.76,12721,09/08,102,-628,257,364,266.0,318.0,1841.0,2471.0,3124.0,2168.0
147,2365,昆盈,28.45,-0.2,-0.7,581,09/08,20,84,66,357,843.0,1092.0,-1895.0,-1747.0,-4335.0,-3558.0
148,2939,永邑-KY,20.0,0.25,1.27,8,09/08,0,36,358,357,358.0,352.0,384.0,7.0,68.0,127.0
149,009819,中信數據及電力,9.75,0.01,0.1,5032,09/08,203,205,201,354,689.0,704.0,-1683.0,,,
150,3661,世芯-KY,4030.0,-10.0,-0.25,1621,09/08,18,199,194,346,65.0,217.0,1178.0,221.0,1635.0,771.0
151,2340,台亞,32.35,-0.85,-2.56,2019,09/08,0,60,196,340,272.0,375.0,-1995.0,2133.0,978.0,538.0
152,4971,IET-KY,605.0,-5.0,-0.82,1954,09/08,10,66,261,340,467.0,782.0,285.0,-1636.0,-333.0,-2114.0
153,1304,台聚,12.35,0.15,1.23,2633,09/08,-86,4,115,332,-100.0,-657.0,-2975.0,2626.0,3995.0,3597.0
154,1717,長興,72.3,-1.2,-1.63,7878,09/08,30,547,747,332,1346.0,690.0,-10615.0,-4221.0,-4521.0,3068.0
155,5512,力麒,7.74,0.02,0.26,942,09/08,25,42,43,330,285.0,-189.0,-388.0,841.0,-3326.0,-1483.0
156,6667,信紘科,250.0,-5.0,-1.96,552,09/08,53,79,327,325,370.0,438.0,192.0,-477.0,-835.0,-593.0
157,2305,全友,33.2,-0.2,-0.6,21635,09/08,67,417,380,324,618.0,1022.0,-566.0,4873.0,5182.0,5161.0
158,6901,鑽石投資,15.25,0.3,2.01,977,09/08,90,162,303,322,-470.0,-46.0,2642.0,4576.0,4273.0,4117.0
159,3062,建漢,20.4,-0.1,-0.49,635,09/08,-1,36,107,319,384.0,324.0,-1373.0,-1454.0,-5483.0,-3541.0
160,5864,致和證,37.25,0.0,0.0,2912,09/08,-63,38,83,319,786.0,1486.0,-2071.0,996.0,4130.0,3420.0
161,1308,亞聚,14.15,0.2,1.43,1562,09/08,30,54,139,315,-226.0,69.0,-1581.0,-774.0,3320.0,1969.0
162,009803,玉山市值動能50,22.19,-0.21,-0.94,22253,09/08,237,239,259,313,355.0,349.0,404.0,490.0,710.0,743.0
163,6015,宏遠證,17.85,1.0,5.93,5993,09/08,-97,41,278,312,225.0,539.0,-2385.0,-97.0,2890.0,3989.0
164,9958,世紀鋼,90.1,-1.5,-1.64,1442,09/08,84,189,212,311,358.0,894.0,-840.0,-2654.0,-8645.0,-4341.0
165,2617,台航,32.35,-0.55,-1.67,1241,09/08,16,51,110,310,514.0,363.0,12.0,465.0,455.0,315.0
166,8027,鈦昇,177.0,-8.5,-4.58,4079,09/08,78,65,110,310,860.0,766.0,-2254.0,1422.0,2406.0,534.0
167,1309,台達化,13.6,0.1,0.74,1432,09/08,59,-9,24,308,5.0,276.0,-876.0,1103.0,4076.0,3308.0
168,2368,金像電,1075.0,-45.0,-4.02,4988,09/08,77,974,848,304,1822.0,1153.0,4951.0,3427.0,3812.0,3214.0
169,2421,建準,168.0,-3.5,-2.04,3308,09/08,-26,650,972,304,-72.0,268.0,-754.0,-228.0,-1808.0,-798.0
170,1569,濱川,48.9,-1.3,-2.59,669,09/08,5,392,376,298,47.0,-227.0,-3035.0,-3068.0,-8435.0,-4105.0
171,3008,大立光,6500.0,-160.0,-2.4,1975,09/08,305,521,259,297,1311.0,2129.0,2705.0,3659.0,3685.0,3207.0
172,2323,中環,10.7,-0.1,-0.93,3113,09/08,104,420,513,295,683.0,1021.0,2417.0,2526.0,9390.0,3202.0
173,6016,康和證,23.15,1.05,4.75,11764,09/08,-322,226,307,294,1125.0,1532.0,-6811.0,-75.0,3679.0,4774.0
174,6291,沛亨,463.5,21.0,4.75,2824,09/08,110,106,-160,293,321.0,559.0,-47.0,-434.0,274.0,-1009.0
175,00981B,第一金優選非投債,9.09,-0.02,-0.22,14750,09/08,79,491,417,288,462.0,2990.0,-1877.0,-2804.0,-2959.0,-12124.0
176,2439,美律,76.1,-0.8,-1.04,1213,09/08,33,110,163,283,566.0,449.0,805.0,711.0,1533.0,1172.0
177,8028,昇陽半導體,236.5,-13.0,-5.21,5181,09/08,123,148,199,279,929.0,896.0,-6450.0,-2689.0,-9837.0,-5011.0
178,1313,聯成,11.8,0.0,0.0,1314,09/08,19,103,135,275,-277.0,-519.0,-1103.0,89.0,2466.0,1263.0
179,2491,吉祥全,40.6,-2.4,-5.58,1328,09/08,-13,136,234,274,527.0,441.0,-844.0,629.0,2022.0,149.0
180,00955,中信日本商社,16.58,0.25,1.53,7661,09/08,-325,-91,189,272,270.0,-165.0,-823.0,-2898.0,-151.0,9.0
181,4303,信立,35.65,0.55,1.57,1120,09/08,-52,-34,-17,269,-261.0,-311.0,-1459.0,-2092.0,-1176.0,-2055.0
182,3490,單井,43.45,-2.7,-5.85,3090,09/08,-138,-94,-131,267,679.0,2002.0,1214.0,3237.0,2764.0,2953.0
183,6547,高端疫苗,64.0,0.6,0.95,3087,09/08,-66,33,155,267,871.0,698.0,2899.0,5566.0,6621.0,6361.0
184,2883,凱基金,37.3,0.35,0.95,34506,09/08,155,-482,-1014,266,-854.0,-1600.0,-8081.0,-4566.0,-15659.0,-8050.0
185,2357,華碩,968.0,-31.0,-3.1,4969,09/08,115,219,188,265,289.0,-106.0,-86.0,-672.0,490.0,-11.0
186,5243,乙盛-KY,91.6,-3.8,-3.98,1133,09/08,199,286,281,265,235.0,18.0,-2300.0,-1224.0,-264.0,-3535.0
187,3363,上詮,711.0,-12.0,-1.66,4256,09/08,65,90,16,264,1538.0,2159.0,669.0,733.0,-3658.0,604.0
188,1440,南紡,13.6,0.1,0.74,4140,09/08,-179,-99,-188,261,356.0,-157.0,150.0,1947.0,1501.0,2318.0
189,00896,中信綠能及電動車,28.48,-0.26,-0.9,11182,09/08,-8,-132,13,260,142.0,199.0,-787.0,1029.0,1621.0,595.0
190,5392,能率,41.15,-1.05,-2.49,1321,09/08,122,185,187,257,438.0,440.0,28.0,-119.0,2866.0,-623.0
191,2342,茂矽,38.95,-0.8,-2.01,1940,09/08,88,218,249,251,145.0,371.0,-929.0,117.0,1174.0,-363.0
192,5386,青雲,257.5,-2.0,-0.77,494,09/08,25,55,91,250,145.0,287.0,-386.0,-251.0,5.0,-784.0
193,2476,鉅祥,119.5,-2.5,-2.05,1515,09/08,18,12,176,249,-49.0,722.0,12011.0,28073.0,20169.0,25405.0
194,6202,盛群,56.9,-2.1,-3.56,1868,09/08,217,230,151,248,115.0,96.0,1124.0,-352.0,1783.0,1282.0
195,6532,瑞耘,97.9,-0.1,-0.1,549,09/08,-42,-13,58,248,349.0,644.0,20.0,1401.0,921.0,1370.0
196,8046,南電,1025.0,-25.0,-2.38,6473,09/08,-40,81,-394,247,652.0,787.0,-192.0,1817.0,284.0,-866.0
197,2221,大甲,85.8,-0.9,-1.04,5795,09/08,12,-80,-90,244,454.0,888.0,1008.0,1474.0,1500.0,1482.0
198,3162,精確,69.6,-0.8,-1.14,1363,09/08,25,61,160,242,824.0,666.0,-117.0,321.0,1824.0,-225.0
199,2374,佳能,67.4,-0.1,-0.15,4149,09/08,34,109,173,241,469.0,175.0,-5700.0,-2730.0,2019.0,-2214.0
200,3016,嘉晶,101.5,1.0,1.0,11481,09/08,144,213,253,241,537.0,616.0,-203.0,3414.0,3802.0,3881.0
201,8150,南茂,90.3,-1.0,-1.1,13892,09/08,-121,169,607,239,-707.0,3082.0,-4080.0,7929.0,16064.0,5344.0
202,3163,波若威,726.0,-26.0,-3.46,2370,09/08,106,458,424,238,-1.0,228.0,658.0,1437.0,-6063.0,-3055.0
203,6164,華興,11.55,-0.15,-1.28,419,09/08,218,214,226,234,-25.0,57.0,-380.0,-583.0,-1135.0,-469.0
204,00985A,主動野村台灣50,23.1,-0.22,-0.94,2209,09/08,11,24,43,230,701.0,1291.0,710.0,1077.0,558.0,965.0
205,6120,達運,12.2,-0.15,-1.21,622,09/08,54,50,149,229,376.0,891.0,24.0,355.0,187.0,614.0
206,8086,宏捷科,110.0,-2.5,-2.22,1953,09/08,-85,12,253,229,303.0,1449.0,1529.0,5252.0,7322.0,6948.0
207,6101,寬魚國際,37.0,-1.1,-2.89,332,09/08,38,97,190,228,165.0,-228.0,628.0,1579.0,-1301.0,-564.0
208,2913,農林,11.0,0.05,0.46,463,09/08,10,77,99,227,828.0,776.0,1080.0,846.0,-1122.0,-496.0
209,6683,雍智科技,1405.0,-5.0,-0.35,921,09/08,-58,156,137,226,614.0,631.0,387.0,602.0,,1793.0
210,1909,榮成,10.75,-0.1,-0.92,1563,09/08,-48,103,184,225,-402.0,1275.0,1286.0,3925.0,5555.0,4897.0
211,6133,金橋,24.5,-0.3,-1.21,4156,09/08,88,214,199,223,207.0,141.0,61.0,-1378.0,-239.0,-95.0
212,3030,德律,270.0,-12.0,-4.26,1838,09/08,4,-68,135,222,120.0,-217.0,-877.0,3259.0,3217.0,2694.0
213,6488,環球晶,955.0,-16.0,-1.65,9619,09/08,300,273,170,222,632.0,1688.0,3283.0,8471.0,7056.0,7703.0
214,6805,富世達,2155.0,-110.0,-4.86,326,09/08,-47,-150,-99,215,134.0,246.0,706.0,1222.0,1083.0,1006.0
215,1529,樂事綠能,15.8,-0.35,-2.17,643,09/08,6,29,25,213,302.0,352.0,-189.0,-394.0,-394.0,-19.0
216,3088,艾訊,121.0,-3.0,-2.42,707,09/08,55,176,263,211,-53.0,-200.0,-932.0,-514.0,-994.0,-616.0
217,6505,台塑化,79.6,-0.1,-0.13,11368,09/08,-186,-500,-231,211,-1662.0,-1761.0,897.0,-13.0,4034.0,6070.0
218,2605,新興,36.5,0.15,0.41,9484,09/08,185,180,3,209,-3207.0,1864.0,2461.0,-707.0,3693.0,2838.0
219,3587,閎康,246.0,-6.5,-2.57,363,09/08,-22,12,7,209,136.0,250.0,-442.0,821.0,455.0,973.0
220,1528,恩德,21.05,1.9,9.92,3489,09/08,215,275,226,207,239.0,34.0,-1944.0,-4211.0,-6591.0,-4426.0
221,4915,致伸,60.5,0.3,0.5,1686,09/08,31,66,196,207,196.0,486.0,1374.0,2189.0,2622.0,2741.0
222,3024,憶聲,13.8,-0.5,-3.5,1104,09/08,143,101,256,206,656.0,1037.0,5816.0,818.0,-2431.0,-876.0
223,6538,倉和,321.0,16.0,5.25,1031,09/08,-8,219,253,206,515.0,1553.0,7062.0,8250.0,8066.0,8089.0
224,00401A,主動摩根台灣鑫收,14.29,-0.03,-0.21,5785,09/08,144,187,207,203,-74.0,138.0,596.0,,,
225,6693,廣閎科,187.5,3.0,1.63,1630,09/08,72,41,185,202,201.0,344.0,-167.0,2350.0,1373.0,1731.0
226,3498,陽程,189.5,0.0,0.0,1407,09/08,16,132,303,201,211.0,187.0,322.0,1475.0,2397.0,2653.0
227,00948B,中信優息投資級債,9.07,-0.02,-0.22,3295,09/08,0,200,200,200,230.0,267.0,272.0,138.0,-630.0,-552.0
228,2236,百達-KY,122.0,2.0,1.67,289,09/08,96,155,134,199,228.0,-143.0,-484.0,-73.0,6726.0,1408.0
229,3023,信邦,323.0,-16.5,-4.86,1363,09/08,61,51,174,199,130.0,179.0,37.0,-486.0,-749.0,-1537.0
230,5289,宜鼎,1370.0,-35.0,-2.49,2064,09/08,144,226,226,199,453.0,229.0,801.0,1169.0,2759.0,1466.0
231,6531,愛普*,931.0,-29.0,-3.02,2389,09/08,98,-111,-80,198,745.0,-481.0,-3889.0,1561.0,-2009.0,-2485.0
232,2404,漢唐,1055.0,-25.0,-2.31,652,09/08,53,42,82,196,333.0,362.0,-244.0,439.0,1496.0,-198.0
233,8147,正淩,137.0,-5.0,-3.52,419,09/08,7,50,159,196,268.0,334.0,442.0,433.0,526.0,674.0
234,5258,虹堡,44.3,-1.6,-3.49,680,09/08,65,193,190,194,229.0,-320.0,-726.0,-1036.0,-1671.0,-1799.0
235,2379,瑞昱,692.0,-12.0,-1.7,4835,09/08,118,142,117,193,145.0,272.0,-117.0,-1104.0,163.0,17.0
236,3022,威強電,86.4,-5.1,-5.57,3966,09/08,-5,266,244,191,657.0,-53.0,594.0,1206.0,1346.0,1339.0
237,009805,台新美國電力基建,15.19,-0.02,-0.13,2855,09/08,6,138,189,189,-311.0,-9159.0,-11510.0,-8833.0,5150.0,3761.0
238,00407A,主動凱基台灣,9.68,-0.14,-1.43,23616,09/08,291,67,-38,187,-1957.0,-6438.0,,,,
239,2390,云辰,10.05,0.0,0.0,347,09/08,33,33,103,187,45.0,214.0,346.0,-88.0,178.0,294.0
240,3135,凌航,171.0,-2.0,-1.16,659,09/08,13,92,79,186,-52.0,163.0,677.0,,,
241,00686R,群益臺灣加權反1,0.95,0.0,0.0,7352,09/08,-1135,-464,-457,185,-1091.0,2515.0,1693.0,-1456.0,-2338.0,-2969.0
242,3535,晶彩科,89.2,-1.7,-1.87,1601,09/08,118,215,205,185,106.0,-22.0,-3901.0,-8463.0,-7656.0,-6696.0
243,6240,松崗,22.5,-0.35,-1.53,41,09/08,5,20,-41,185,285.0,445.0,333.0,170.0,-64.0,-94.0
244,2419,仲琦,26.7,-0.25,-0.93,1285,09/08,-25,-133,-105,184,66.0,72.0,-600.0,555.0,-59.0,611.0
245,1742,台蠟,17.65,-0.15,-0.84,18,09/08,0,51,90,183,439.0,863.0,1155.0,948.0,1547.0,2002.0
246,7730,暉盛-創,172.5,-8.0,-4.43,79,09/08,15,64,81,183,268.0,137.0,194.0,,,
247,1802,台玻,59.9,-0.8,-1.32,17724,09/08,429,212,363,182,1213.0,858.0,-26454.0,-12870.0,-26142.0,-23254.0
248,2069,運錩,22.4,2.0,9.8,2647,09/08,124,130,156,182,281.0,375.0,288.0,87.0,-100.0,-31.0
249,3221,台嘉碩,48.55,-2.65,-5.18,2357,09/08,100,159,154,180,271.0,131.0,-1206.0,1115.0,2306.0,1933.0
250,2355,敬鵬,41.9,-0.3,-0.71,1268,09/08,218,265,244,179,271.0,-164.0,-8184.0,-1198.0,1183.0,2709.0
251,3701,大眾控,40.6,-0.4,-0.98,498,09/08,-39,32,-16,179,142.0,36.0,-2732.0,-2173.0,2304.0,-3711.0
252,00877,復華中國5G,37.71,0.18,0.48,3045,09/08,222,218,247,177,246.0,-266.0,1674.0,1336.0,1200.0,-276.0
253,6907,雅特力-KY,204.0,4.5,2.26,7210,09/08,-43,134,166,177,348.0,1241.0,,,,
254,1319,東陽,79.0,-2.7,-3.3,2842,09/08,157,177,148,174,17.0,-52.0,2364.0,3002.0,4139.0,2328.0
255,2442,新美齊,15.95,-0.3,-1.85,3136,09/08,-37,-314,-279,174,106.0,-99.0,-885.0,-11636.0,-14121.0,-15530.0
256,00997A,主動群益美國增長,11.07,0.03,0.27,6249,09/08,-49,44,35,173,-22.0,-694.0,3649.0,,,
257,3521,台鋼建設,12.15,-0.1,-0.82,121,09/08,76,169,169,173,232.0,281.0,1102.0,1133.0,2503.0,2001.0
258,3311,閎暉,31.55,-0.2,-0.63,135,09/08,45,63,84,172,274.0,292.0,-818.0,-93.0,-2212.0,-1551.0
259,2385,群光,105.5,-5.0,-4.52,5370,09/08,75,198,114,171,235.0,-353.0,1534.0,171.0,-232.0,-454.0
260,5902,德記,34.3,0.25,0.73,157,09/08,101,187,185,171,17.0,-148.0,17.0,457.0,1981.0,487.0
261,3354,律勝,28.3,1.9,7.2,4404,09/08,163,209,204,169,414.0,412.0,-187.0,156.0,468.0,280.0
262,4510,高鋒,44.3,-1.35,-2.96,1528,09/08,-181,-182,134,169,188.0,-16.0,-1353.0,-2264.0,-5330.0,-2692.0
263,4919,新唐,118.0,-4.5,-3.67,2626,09/08,-109,241,165,169,220.0,-381.0,-3090.0,2592.0,6708.0,6177.0
264,00995A,主動中信台灣卓越,17.41,-0.21,-1.19,3073,09/08,10,-67,-131,168,125.0,-140.0,-221.0,-205.0,,
265,7738,東聯互動,168.0,0.0,0.0,81,09/08,12,140,166,168,169.0,166.0,183.0,,,
266,3666,光耀,25.0,0.0,0.0,221,09/08,177,181,180,167,176.0,255.0,921.0,1494.0,823.0,954.0
267,1722,台肥,44.55,-0.05,-0.11,1496,09/08,0,33,110,165,219.0,124.0,-472.0,802.0,1177.0,768.0
268,1810,和成,24.0,-0.05,-0.21,1919,09/08,-20,25,98,165,-1111.0,332.0,793.0,1760.0,1178.0,1670.0
269,9938,百和,40.35,-0.75,-1.82,1333,09/08,73,94,126,165,276.0,164.0,-501.0,-182.0,632.0,90.0
270,4924,欣厚-KY,13.0,-0.1,-0.76,827,09/08,81,81,120,163,154.0,59.0,301.0,1395.0,1395.0,1395.0
271,6438,迅得,152.5,-3.0,-1.93,251,09/08,-11,-31,-23,163,219.0,142.0,-645.0,-1619.0,-2701.0,-954.0
272,6112,邁達特,44.55,-0.7,-1.55,440,09/08,6,87,179,162,163.0,-86.0,-921.0,-751.0,-1854.0,-862.0
273,8054,安國,83.3,0.5,0.6,1493,09/08,142,169,120,161,29.0,-22.0,-945.0,-1727.0,-3622.0,-6082.0
274,6244,茂迪,22.8,-0.65,-2.77,1632,09/08,79,56,67,159,413.0,-115.0,-2081.0,-3967.0,2062.0,829.0
275,5347,世界,152.0,-4.0,-2.56,12869,09/08,243,235,209,157,166.0,-1947.0,-3327.0,2838.0,9461.0,8266.0
276,8069,元太,147.0,-3.5,-2.33,5283,09/08,122,189,99,155,566.0,1737.0,3667.0,2944.0,6069.0,4831.0
277,6716,應廣,118.0,0.0,0.0,1422,09/08,56,33,-40,154,256.0,348.0,401.0,1011.0,1067.0,1186.0
278,00713,元大台灣高息低波,63.65,0.2,0.32,7444,09/08,-6,107,143,153,130.0,191.0,239.0,-1.0,-503.0,-203.0
279,3293,鈊象,708.0,-2.0,-0.28,1109,09/08,5,6,5,151,530.0,722.0,-146.0,-856.0,-404.0,-1127.0
280,4976,佳凌,36.7,-0.5,-1.34,1726,09/08,-63,6,-68,151,317.0,354.0,528.0,544.0,-2301.0,1156.0
281,00921,兆豐龍頭等權重,24.66,-0.01,-0.04,560,09/08,24,71,76,147,147.0,108.0,146.0,137.0,101.0,110.0
282,1617,榮星,17.55,-0.3,-1.68,323,09/08,11,32,47,147,213.0,12.0,535.0,733.0,-343.0,-233.0
283,5210,寶碩,28.5,0.45,1.6,155,09/08,19,36,40,147,173.0,384.0,3834.0,5440.0,5440.0,5440.0
284,3489,森寶,22.45,-0.2,-0.88,247,09/08,81,144,152,146,168.0,79.0,-1250.0,-872.0,-649.0,-653.0
285,3630,新鉅科,26.6,-0.65,-2.39,632,09/08,-35,-18,81,145,189.0,153.0,652.0,644.0,-493.0,527.0
286,3673,TPK-KY,63.9,-1.9,-2.89,3451,09/08,199,201,249,145,-354.0,-286.0,-5865.0,4899.0,5423.0,3861.0
287,4540,全球傳動,57.7,-2.1,-3.51,1485,09/08,26,-71,-124,145,255.0,576.0,-1751.0,-947.0,-1259.0,-56.0
288,2104,國際中橡,10.1,0.05,0.5,2039,09/08,7,-41,186,144,-13.0,718.0,-2056.0,-1162.0,8051.0,3806.0
289,3169,亞信,103.0,-4.5,-4.19,281,09/08,-21,17,13,144,165.0,169.0,-41.0,251.0,-173.0,221.0
290,6510,精測,3620.0,150.0,4.32,1437,09/08,-16,92,99,144,272.0,322.0,245.0,676.0,128.0,680.0
291,1773,勝一,164.0,3.5,2.18,1209,09/08,26,45,65,143,192.0,218.0,84.0,292.0,79.0,622.0
292,6272,驊陞,28.6,-1.1,-3.7,394,09/08,-2,-14,57,143,178.0,180.0,,,,
293,3013,晟銘電,83.8,-2.5,-2.9,945,09/08,13,64,68,141,154.0,-123.0,-4702.0,-3344.0,-7980.0,-5190.0
294,5263,智崴,104.5,1.5,1.46,186,09/08,12,74,111,141,368.0,479.0,-278.0,-882.0,2416.0,1871.0
295,5009,榮剛,32.8,0.05,0.15,1347,09/08,14,-11,91,138,-70.0,526.0,-358.0,865.0,-807.0,1954.0
296,6546,正基,60.8,-1.1,-1.78,157,09/08,4,63,72,138,129.0,294.0,-554.0,-4128.0,-3248.0,-2053.0
297,00913,兆豐台灣晶圓製造,49.65,-0.3,-0.6,1115,09/08,152,199,190,136,49.0,-517.0,389.0,580.0,653.0,626.0
298,6642,富致,76.8,-3.7,-4.6,261,09/08,35,68,92,136,86.0,-265.0,56.0,-131.0,35.0,-388.0
299,3003,健和興,58.7,-0.3,-0.51,1588,09/08,193,283,303,134,260.0,-606.0,-990.0,-666.0,-1835.0,-1333.0
300,3564,其陽,48.2,-1.0,-2.03,487,09/08,-57,-51,-113,133,115.0,-54.0,-55.0,-422.0,-945.0,-459.0
